20
0 3 2 1 4 0 3 2 1 4 7 7 8 7 9 5 7 8 2 9 27
4 0 2 3 2 4 0 2 3 2 5 7 8 8 9 8 7 8 2 1 26
2 3 0 5 9 2 3 0 5 9 2 3 0 2 4 0 2 2 4 4 15
4 7 8 1 9 4 7 8 1 9 5 0 2 3 2 3 1 2 3 1 14
5 4 5 1 2 5 4 5 1 2 5 0 2 3 2 3 1 2 3 1 13
2 3 3 5 1 2 2 0 5 9 5 0 2 3 2 3 1 2 0 1 12
4 0 2 3 2 3 1 2 3 0 5 0 2 3 2 3 1 2 3 1 21
1 3 2 2 0 0 2 2 4 4 5 0 2 3 2 0 1 2 3 1 69
4 7 8 8 9 8 7 8 2 1 5 0 2 3 2 3 1 2 3 1 10
6 7 8 7 9 5 7 8 2 9 5 0 2 0 2 3 1 2 3 1 88
1 3 2 1 4 0 3 2 1 4 5 0 2 3 0 3 1 2 3 1 26
5 0 2 3 2 4 0 2 3 2 0 0 2 3 2 3 1 2 3 1 25
3 3 0 0 9 2 3 0 5 9 5 0 2 3 2 3 0 2 3 1 17
5 7 8 1 9 4 7 8 0 9 5 0 2 3 2 3 1 2 3 1 13
6 4 5 1 2 5 4 5 1 2 5 0 2 3 2 3 1 2 3 1 19
3 3 3 5 1 2 2 0 5 9 5 0 2 3 2 3 1 0 3 1 16
5 0 2 3 2 3 1 2 3 1 5 0 2 3 2 3 1 2 3 1 24
2 3 2 2 4 0 2 2 4 4 5 0 2 3 2 3 1 2 3 1 68
5 7 8 8 9 8 7 8 2 1 5 0 2 3 2 3 1 2 3 0 13
7 7 8 7 9 5 7 8 2 9 5 0 2 3 2 3 1 2 3 1 87